                                                 
                                                 
                                                 
                    8    8    8                  
                    8    8    8                  
                888555555555555588               
                   5d5d5d5d5d5d5                 
                   5d5d5d5d5d5d5                 
                8885d5d5d5d5d5d588               
                   5d5d5d5d5d5d5                 
                   5d5d5d5d5d5d5                 
                8885d5d5d5d5d5d588               
                   5555555555555                 
                    8    8    8                  
                    8    8    8                  
                                                 
                                                 
                                                 
